M+_Motion_Cam-3D:
  xyz: 0.0628 -0.1728 0.0326
  rpy: -1.570797 0.0 -1.570797
S_Motion_Cam-3D:
  xyz: 0.0482 -0.1093 0.02979
  rpy: -1.570797 0.0 -1.570797